9514 9502 2 1 3 9505 9509 9506 9502 9513 9504
6755 6745 3 2 2 6746 6747 6749 6748 6750 6745 6754
1220 -1 0 1 1 1218 1217
4281 4263 3 2 4 4264 4265 4276 4266 4269 4263 4280 4268 4271
6968 -1 1 2 1 6965 6960 6961 6959
46 -1 1 3 3 45 41 42 43 41 42 43
5663 -1 1 2 1 5660 5656 5657 5655
10683 -1 0 5 2 10673 10674 10675 10676 10678 10672 10680
10206 10195 1 3 3 10196 10199 10200 10201 10195 10205 10198
7744 -1 2 1 1 7737 7741 7740 7739
4054 4039 3 2 4 4040 4041 4043 4042 4046 4039 4053 4045 4048
2918 2906 4 1 2 2907 2908 2910 2913 2909 2906 2917
1068 1067 0 1 1 1066 1067
12755 12743 1 2 4 12750 12748 12749 12743 12754 12745 12747
806 802 1 2 2 805 801 804 803 802
11790 11780 1 2 3 11781 11784 11785 11780 11789 11783
1620 1606 3 1 4 1607 1613 1614 1610 1606 1619 1609 1612
7802 7791 1 1 4 7794 7797 7791 7801 7793 7796
2857 2844 3 1 3 2845 2846 2848 2847 2844 2856 2852
7498 -1 1 1 1 7492 7495 7494
2978 2964 2 1 4 2970 2973 2969 2964 2977 2966 2968
7034 -1 2 2 1 7030 7031 7025 7027 7029
8877 8862 2 3 7 8863 8864 8867 8868 8869 8862 8876 8866 8867 8868 8869 8872
1228 1227 0 1 1 1225 1227
915 914 0 1 1 912 914
12311 12298 2 2 4 12301 12306 12302 12305 12298 12310 12300 12304
7938 7925 1 1 5 7928 7931 7925 7937 7927 7930 7933
2279 -1 2 2 3 2264 2275 2267 2270 2266 2269 2271
11444 -1 2 4 1 11429 11435 11430 11431 11433 11434 11440
3127 -1 2 1 1 3124 3125 3123 3122
3485 3467 4 1 4 3468 3469 3473 3480 3470 3467 3484 3472 3475
11106 -1 1 3 0 11103 11099 11101 11102
4741 4739 2 1 1 4736 4738 4737 4739
12539 12527 1 2 4 12530 12531 12532 12527 12538 12529 12534
58 -1 0 2 2 56 57 56 57
12731 12720 2 2 3 12721 12726 12724 12725 12720 12730 12723
5399 -1 2 2 1 5388 5389 5390 5391 5395
1053 1050 1 1 1 1052 1051 1050
1720 -1 3 1 3 1707 1709 1713 1710 1712 1714 1717
11674 -1 2 2 0 11668 11670 11669 11671
7910 7898 2 1 4 7900 7902 7899 7898 7909 7904 7906
8274 8259 1 2 7 8269 8266 8267 8259 8273 8261 8263 8265 8266 8267
7306 -1 1 1 2 7299 7297 7301 7303
3120 -1 2 1 0 3116 3118 3117
499 498 1 1 2 496 495 497 498
113 111 0 1 1 112 111
918 916 0 1 1 917 916
10074 -1 0 2 1 10070 10071 10069
1049 1048 1 1 1 1046 1047 1048
6145 -1 2 2 1 6141 6142 6140 6143 6139
4781 4771 3 1 3 4772 4773 4777 4774 4771 4780 4776
3030 3020 1 1 4 3023 3024 3020 3029 3022 3026
869 863 1 3 5 868 864 865 866 863 867 864 865 866
10340 10330 2 3 2 10331 10332 10333 10334 10335 10330 10339
5690 -1 2 2 0 5682 5687 5683 5684
8997 -1 2 3 4 8987 8994 8990 8991 8992 8989 8990 8991 8992
25 -1 0 1 0 25
6987 -1 1 2 1 6984 6979 6980 6978
9661 -1 2 1 2 9651 9652 9657 9654 9656
911 908 0 1 1 909 908
319 316 0 1 1 317 316
10112 -1 1 2 1 10101 10102 10104 10108
10978 -1 2 4 1 10964 10975 10965 10966 10967 10969 10971
7984 -1 1 1 1 7978 7981 7980
5431 -1 1 2 1 5424 5427 5428 5426
356 350 1 2 3 354 351 352 350 351 352
11366 -1 2 4 0 11357 11363 11358 11359 11360 11362
7577 -1 1 1 2 7568 7573 7570 7572
8258 8245 3 2 5 8246 8247 8253 8250 8251 8245 8257 8249 8250 8251
706 703 1 1 1 705 704 703
4948 4947 4 1 2 4940 4941 4943 4946 4942 4945 4947
7063 -1 2 2 4 7048 7058 7049 7050 7061 7053 7055 7057
656 655 1 3 4 653 649 650 651 649 650 651 655
12012 -1 2 2 0 12003 12009 12004 12005
3449 -1 3 1 2 3437 3438 3440 3441 3443 3445
991 989 0 1 1 990 989
40 -1 1 2 2 39 36 37 36 37
9537 -1 2 1 1 9530 9534 9533 9532
8511 -1 2 2 4 8499 8507 8504 8505 8501 8503 8504 8505
12609 12594 3 2 3 12596 12598 12604 12595 12599 12594 12608 12601
7279 7265 2 2 4 7273 7274 7268 7270 7265 7278 7267 7272
9089 9074 1 2 7 9077 9080 9081 9074 9088 9076 9079 9080 9081 9084
876 870 1 3 5 875 871 872 873 870 874 871 872 873
11073 -1 2 3 1 11062 11069 11065 11066 11068 11064
4836 -1 2 1 1 4829 4833 4832 4831
7640 -1 1 1 1 7634 7637 7636
2247 -1 1 2 2 2239 2240 2243 2242 2244
6097 6086 3 2 3 6089 6091 6092 6090 6093 6086 6096 6088
5469 5460 1 2 4 5461 5464 5465 5469 5460 5468 5463
1255 -1 2 1 0 1248 1252 1249
9641 -1 2 1 2 9631 9634 9632 9636 9638
7286 -1 1 1 1 7280 7283 7282
4381 4368 3 2 3 4369 4370 4375 4371 4374 4368 4380 4373
6692 6681 2 2 3 6682 6683 6684 6687 6681 6691 6686
5604 5594 2 2 4 5597 5599 5598 5600 5604 5594 5603 5596
2488 2470 1 2 5 2483 2475 2478 2470 2487 2472 2474 2477
600 593 2 2 3 594 598 595 596 593 595 596
1384 -1 2 1 0 1377 1381 1378
9364 -1 2 3 4 9354 9361 9357 9358 9359 9356 9357 9358 9359
5097 5084 3 1 3 5087 5089 5092 5088 5084 5096 5086
11286 -1 2 3 1 11273 11283 11274 11275 11277 11279
2135 -1 2 2 1 2126 2131 2127 2130 2129
7753 -1 1 1 2 7750 7749 7746 7748
5186 5184 1 1 2 5182 5179 5178 5184
2576 -1 2 2 1 2567 2572 2568 2571 2570
1605 -1 3 1 2 1593 1599 1600 1596 1595 1598
242 241 0 2 4 238 239 242 238 239 241
10750 -1 2 4 1 10738 10746 10741 10742 10743 10745 10740
951 946 1 1 1 949 945 946
5709 -1 1 2 1 5707 5705 5706 5704
1704 -1 2 1 2 1696 1700 1697 1699 1701
166 165 0 2 3 162 163 162 163 165
10244 10232 0 3 4 10237 10238 10239 10232 10243 10234 10236
12371 12359 3 2 3 12362 12364 12366 12363 12365 12359 12370 12361
4828 4819 2 1 3 4820 4824 4823 4819 4827 4822
5069 5059 3 1 3 5062 5064 5065 5063 5059 5068 5061
6924 -1 1 2 0 6921 6916 6918
1123 -1 1 1 0 1120 1121
2658 -1 1 2 2 2655 2647 2650 2646 2649
1154 1146 1 1 3 1149 1150 1146 1153 1148
10091 -1 0 2 0 10087 10089
1033 1031 0 2 1 1030 1032 1031
12627 -1 1 2 0 12622 12623 12624
10174 10165 2 2 2 10166 10167 10168 10169 10165 10173
733 730 1 2 1 732 729 731 730
4909 4896 3 1 3 4897 4903 4905 4900 4896 4908 4899
10988 -1 2 4 0 10979 10985 10980 10981 10982 10984
12844 12842 1 1 1 12840 12841 12842
12680 12670 1 2 3 12673 12674 12675 12670 12679 12672
9501 9490 3 1 2 9491 9492 9496 9493 9490 9500
5593 5583 0 2 5 5588 5589 5593 5583 5592 5585 5587
10329 10318 1 3 3 10321 10322 10323 10324 10318 10328 10320
130 128 0 1 1 129 128
35 -1 1 2 2 34 31 32 31 32
5358 5348 2 2 4 5349 5350 5351 5352 5358 5348 5357 5354
1525 1517 1 1 3 1520 1521 1517 1524 1519
7874 -1 2 1 2 7865 7867 7864 7869 7871
7413 -1 1 1 2 7410 7409 7406 7408
2503 2489 0 2 5 2494 2497 2489 2502 2491 2493 2496
6439 -1 1 2 0 6434 6435 6436
11341 -1 1 3 1 11338 11334 11335 11337 11333
9724 -1 0 3 1 9719 9720 9721 9718
800 795 1 2 2 798 796 797 795 799
12050 -1 1 2 1 12044 12042 12045 12047
237 236 0 2 3 233 234 233 234 236
12580 12569 2 2 3 12570 12571 12572 12573 12569 12579 12575
8586 8572 2 2 6 8573 8574 8577 8578 8572 8585 8576 8577 8578 8581
8659 8645 2 2 6 8646 8654 8651 8652 8645 8658 8648 8650 8651 8652
3669 3653 3 1 5 3656 3662 3663 3657 3653 3668 3655 3659 3661
186 185 0 2 3 182 183 182 183 185
11209 11191 2 3 4 11192 11204 11195 11196 11198 11191 11208 11194 11200
92 -1 0 2 2 90 91 90 91
11098 11084 1 3 4 11093 11089 11090 11092 11084 11097 11086 11088
5028 5018 1 1 4 5024 5023 5018 5027 5020 5022
2434 2419 1 2 5 2428 2424 2427 2419 2433 2421 2423 2426
1321 -1 1 1 1 1319 1318 1317
5114 -1 2 1 1 5111 5112 5110 5109
4094 -1 3 2 1 4081 4085 4090 4082 4089 4088
2723 2713 3 1 3 2714 2715 2719 2716 2713 2722 2718
3978 -1 3 2 2 3965 3969 3973 3968 3972 3967 3971
86 -1 0 4 3 81 82 83 85 81 82 85
1960 1946 1 1 5 1954 1951 1946 1959 1948 1950 1953
6816 6801 1 2 4 6804 6805 6806 6801 6815 6803 6811
2101 -1 2 1 2 2096 2097 2093 2092 2095
6137 -1 2 2 1 6133 6135 6132 6134 6131
7567 -1 1 1 2 7560 7558 7562 7564
782 777 1 2 2 780 778 779 777 781
9021 -1 1 3 5 9018 9014 9015 9016 9011 9013 9014 9015 9016
5948 5938 4 2 2 5939 5940 5943 5944 5941 5942 5938 5947
12839 12827 1 2 4 12830 12831 12832 12827 12838 12829 12834
5207 -1 1 2 0 5203 5204 5205
1648 1634 3 1 4 1635 1636 1640 1637 1634 1647 1639 1642
5788 5777 3 2 3 5778 5783 5784 5781 5782 5777 5787 5780
9225 9211 2 2 6 9212 9213 9216 9217 9211 9224 9215 9216 9217 9220
6048 6036 2 2 4 6039 6042 6040 6041 6036 6047 6038 6044
8102 -1 2 1 2 8092 8098 8097 8094 8096
4635 -1 3 2 1 4625 4627 4631 4626 4630 4629
12552 12540 3 2 3 12541 12542 12544 12543 12545 12540 12551 12547
3635 3621 3 1 4 3622 3623 3625 3626 3621 3634 3628 3630
1094 1090 1 1 2 1092 1091 1090 1091
8060 8049 1 1 4 8052 8055 8049 8059 8051 8054
930 928 0 1 2 927 926 928
296 294 0 1 1 295 294
9918 -1 0 4 0 9912 9913 9914 9916
5289 -1 2 2 0 5284 5286 5285 5287
12814 12803 2 2 3 12804 12805 12806 12807 12803 12813 12809
3106 -1 3 1 0 3101 3103 3104 3102
9239 9226 3 2 5 9227 9228 9234 9231 9232 9226 9238 9230 9231 9232
11837 11836 0 2 1 11832 11833 11836
5725 -1 0 2 1 5722 5723 5721
10187 -1 0 2 1 10183 10184 10182
7482 -1 1 1 2 7479 7478 7475 7477
971 967 1 2 1 969 968 970 967
4121 -1 3 2 2 4105 4106 4111 4107 4110 4109 4117
2238 -1 2 2 1 2226 2235 2227 2230 2229
738 735 1 2 1 737 734 736 735
6121 -1 2 2 1 6117 6118 6116 6119 6115
4104 -1 2 2 1 4095 4100 4096 4099 4098
818 814 1 2 2 817 813 816 815 814
9897 -1 0 4 1 9891 9892 9893 9894 9890
7264 7251 3 2 3 7252 7258 7259 7253 7255 7251 7263 7257
4659 -1 2 2 1 4650 4655 4651 4654 4653
6085 6074 3 2 3 6077 6079 6081 6078 6080 6074 6084 6076
6538 -1 2 2 0 6529 6535 6530 6531
6915 -1 2 2 0 6908 6912 6903 6905
52 -1 0 2 2 50 51 50 51
1352 -1 2 1 1 1342 1343 1344 1348
5615 5605 2 2 4 5608 5611 5609 5610 5615 5605 5614 5607
7362 7351 1 1 4 7354 7357 7351 7361 7353 7356
8610 -1 1 2 4 8607 8604 8605 8601 8603 8604 8605
12826 12815 2 2 3 12817 12819 12816 12820 12815 12825 12822
1425 1414 3 1 2 1415 1416 1420 1417 1414 1424
4649 -1 3 2 1 4636 4641 4646 4637 4640 4639
3325 -1 4 1 2 3309 3310 3314 3315 3311 3313 3321
9378 -1 2 3 5 9365 9374 9370 9371 9372 9367 9369 9370 9371 9372
4709 -1 2 2 2 4701 4705 4700 4704 4699 4703
2609 -1 1 2 2 2605 2601 2604 2600 2603
8388 8374 2 2 6 8375 8383 8380 8381 8374 8387 8377 8379 8380 8381
1172 -1 1 1 0 1169 1170
9856 -1 0 3 1 9851 9852 9853 9850
9409 9395 3 3 6 9396 9397 9404 9400 9401 9402 9395 9408 9399 9400 9401 9402
6769 6756 3 2 2 6757 6758 6764 6759 6760 6756 6768
529 521 2 3 4 522 527 523 524 525 521 523 524 525
10913 10897 0 4 5 10902 10903 10904 10906 10897 10912 10899 10901 10908
8716 8702 2 2 6 8706 8708 8703 8704 8702 8715 8703 8704 8710 8712
3198 3183 4 1 4 3184 3188 3191 3192 3187 3183 3197 3186 3190
3077 -1 3 1 0 3066 3070 3074 3067
3084 -1 2 1 1 3081 3082 3080 3079
10647 10633 3 5 2 10634 10635 10642 10636 10637 10638 10639 10641 10633 10646
8986 -1 2 3 5 8973 8974 8977 8978 8979 8976 8977 8978 8979 8982
11148 -1 2 3 1 11136 11142 11138 11140 11141 11145
1578 -1 2 1 0 1571 1575 1572
10560 10540 2 5 4 10541 10555 10544 10545 10546 10547 10549 10540 10559 10543 10551
702 699 1 1 1 701 700 699
9753 -1 1 3 0 9750 9744 9745 9747
10379 10364 2 5 3 10365 10374 10368 10369 10370 10371 10373 10364 10378 10367
3891 -1 4 1 1 3878 3882 3883 3888 3879 3881
12229 -1 3 2 1 12218 12220 12223 12221 12222 12226
9489 -1 2 1 0 9482 9486 9483
8599 -1 2 2 4 8587 8588 8591 8592 8590 8591 8592 8595
8633 -1 2 2 4 8621 8629 8626 8627 8623 8625 8626 8627
12782 -1 1 2 1 12779 12777 12778 12776
11505 11490 1 4 4 11491 11494 11495 11496 11498 11490 11504 11493 11500
1127 1126 0 1 1 1124 1126
623 622 1 2 3 620 617 618 617 618 622
6423 6415 3 1 2 6416 6417 6419 6418 6415 6422
6348 -1 2 1 1 6341 6342 6343 6345
666 665 0 1 2 660 666 665
4931 4924 3 1 2 4925 4926 4928 4927 4924 4930
2309 2292 2 2 4 2293 2294 2295 2298 2292 2308 2297 2304
12257 12246 4 2 2 12247 12248 12250 12252 12249 12251 12246 12256
3601 3586 4 1 4 3587 3588 3590 3592 3591 3586 3600 3594 3596
9650 -1 1 1 2 9646 9647 9643 9645
2813 2800 3 1 3 2801 2805 2808 2804 2800 2812 2803
9578 -1 2 1 0 9574 9576 9575
3019 3005 2 1 4 3008 3014 3009 3005 3018 3007 3011
1237 -1 0 1 1 1235 1234
609 608 3 2 3 601 605 607 602 603 602 603 608
1993 1976 3 1 4 1979 1983 1988 1980 1976 1992 1978 1982
11818 11804 2 2 3 11805 11806 11807 11808 11804 11817 11813
776 771 1 2 2 774 772 773 771 775
899 898 0 1 1 897 898
9630 9617 1 1 5 9624 9625 9617 9629 9619 9621 9623
5387 -1 2 2 0 5379 5384 5380 5381
11316 -1 0 3 2 11308 11309 11311 11307 11313
1633 -1 3 1 2 1621 1622 1626 1623 1625 1628
1082 1078 1 2 2 1080 1077 1079 1078 1079
10317 10302 0 3 4 10305 10306 10308 10302 10316 10304 10312
6354 -1 1 1 1 6352 6351 6350
5900 -1 3 2 1 5891 5892 5894 5893 5895 5897
890 884 1 3 5 889 885 886 887 884 888 885 886 887
232 231 0 2 3 228 229 228 229 231
7885 -1 2 1 2 7875 7876 7879 7878 7881
171 170 0 2 3 167 168 167 168 170
3406 3392 3 1 4 3393 3399 3400 3396 3392 3405 3395 3398
6459 6449 1 2 3 6450 6453 6454 6449 6458 6452
9255 9240 1 2 7 9243 9246 9247 9240 9254 9242 9245 9246 9247 9250
5516 5508 2 2 3 5509 5510 5511 5512 5516 5508 5515
1682 -1 3 1 1 1673 1677 1678 1674 1676
7438 7427 3 1 3 7428 7429 7433 7432 7427 7437 7431
1291 1282 2 1 3 1283 1284 1285 1282 1290 1287
9833 9823 2 3 2 9824 9825 9826 9827 9828 9823 9832
7817 -1 2 1 1 7810 7814 7813 7812
7585 -1 0 1 2 7582 7579 7581
11390 -1 1 4 1 11387 11382 11383 11384 11386 11381
7684 -1 1 1 2 7681 7680 7677 7679
1388 1387 0 1 1 1385 1387
679 678 0 2 3 675 676 675 676 678
2843 -1 2 1 1 2836 2840 2839 2838
5459 5446 2 2 4 5447 5454 5450 5451 5459 5446 5458 5449
5266 5257 1 2 3 5260 5261 5262 5257 5265 5259
1413 1405 3 1 2 1406 1407 1409 1408 1405 1412
413 406 1 3 3 411 407 408 409 406 407 409
8956 8940 1 3 8 8943 8946 8947 8948 8940 8955 8942 8945 8946 8947 8948 8951
6680 -1 2 2 1 6671 6672 6673 6676 6675
4993 4985 3 1 2 4986 4987 4989 4988 4985 4992
12418 -1 3 2 0 12408 12411 12415 12409 12410
5295 -1 2 2 0 5290 5293 5291 5292
8674 8660 2 2 6 8661 8662 8665 8666 8660 8673 8664 8665 8666 8669
8373 -1 2 2 4 8361 8369 8366 8367 8363 8365 8366 8367
101 100 0 1 1 99 100
5313 -1 2 2 1 5305 5309 5308 5310 5307
10522 -1 2 5 2 10506 10508 10509 10510 10511 10512 10514 10516 10519
5484 5475 3 2 3 5476 5477 5479 5478 5480 5484 5475 5483
2450 2435 1 2 5 2438 2439 2442 2435 2449 2437 2441 2444
7208 -1 2 2 1 7204 7205 7199 7201 7203
10041 -1 0 4 1 10035 10036 10037 10038 10034
6113 -1 2 2 1 6109 6111 6108 6110 6107
714 711 1 1 1 713 712 711
6887 6876 2 2 3 6879 6881 6880 6882 6876 6886 6878
6281 6272 2 1 3 6275 6277 6276 6272 6280 6274
848 843 1 2 1 847 844 845 843
561 560 1 2 3 558 555 556 555 556 560
6166 -1 3 2 0 6160 6162 6163 6161 6164
122 120 0 1 1 121 120
377 371 1 2 3 375 372 373 371 372 373
539 538 3 3 4 530 535 537 531 532 533 531 532 533 538
6311 6309 0 1 2 6308 6307 6309
764 759 1 2 2 762 760 761 759 763
12471 -1 3 2 1 12461 12462 12464 12463 12465 12467
5681 -1 2 2 0 5676 5678 5677 5679
5155 -1 3 1 0 5147 5149 5152 5148
842 838 1 2 2 841 837 840 839 838
5272 -1 0 2 1 5269 5270 5268
1025 1023 0 2 1 1022 1024 1023
9308 9294 2 2 6 9295 9296 9299 9300 9294 9307 9298 9299 9300 9303
4750 -1 3 1 1 4742 4746 4747 4745 4744
10737 -1 2 4 0 10728 10734 10729 10730 10731 10733
4958 4949 4 1 2 4950 4951 4953 4954 4952 4949 4957
924 923 0 1 1 922 923
2767 -1 3 1 1 2756 2757 2759 2758 2763
6998 -1 1 2 1 6995 6990 6991 6989
4482 4466 2 2 5 4469 4471 4470 4474 4466 4481 4468 4473 4476
9322 9309 3 2 5 9310 9311 9317 9314 9315 9309 9321 9313 9314 9315
640 639 3 2 3 632 636 638 633 634 633 634 639
743 740 1 2 1 742 739 741 740
5146 -1 3 1 0 5141 5143 5144 5142
9766 -1 1 3 1 9754 9755 9756 9758 9762
10223 -1 1 3 1 10214 10217 10218 10219 10216
1168 -1 1 1 0 1165 1166
12018 -1 1 2 0 12013 12014 12015
753 750 1 2 1 752 749 751 750
6528 -1 0 2 1 6524 6525 6523
3436 -1 3 1 2 3424 3430 3431 3427 3426 3429
311 310 1 1 1 308 307 310
5908 -1 2 2 1 5905 5906 5903 5904 5902
7237 -1 2 2 4 7222 7232 7223 7224 7235 7227 7229 7231
2732 -1 3 1 1 2724 2725 2727 2726 2729
10934 10914 1 4 5 10929 10919 10920 10921 10923 10914 10933 10916 10918 10925
6842 6830 1 2 4 6833 6834 6837 6830 6841 6832 6836
12215 12200 3 2 3 12201 12202 12205 12203 12204 12200 12214 12210
6497 6486 0 2 4 6491 6492 6486 6496 6488 6490
6009 5997 2 2 4 6003 6004 6002 6005 5997 6008 5999 6001
907 904 0 1 1 905 904
12767 12756 2 2 3 12759 12762 12760 12761 12756 12766 12758
10347 -1 1 3 0 10341 10342 10343 10344
8403 8389 2 2 6 8390 8391 8394 8395 8389 8402 8393 8394 8395 8398
323 320 0 1 2 321 323 320
1582 -1 1 1 0 1579 1580
3553 3539 5 1 3 3540 3541 3543 3546 3547 3542 3539 3552 3545
8305 8291 2 2 6 8294 8300 8297 8298 8291 8304 8293 8296 8297 8298
1455 1445 1 1 4 1448 1449 1445 1454 1447 1451
585 579 1 2 3 583 580 581 579 580 581
10286 -1 1 3 1 10276 10278 10279 10281 10283
198 197 0 3 5 193 194 195 198 193 194 195 197
710 707 1 1 1 709 708 707
2359 2342 2 2 4 2345 2347 2348 2351 2342 2358 2350 2355
1302 -1 2 1 1 1292 1298 1295 1294
6251 6250 3 1 2 6244 6245 6249 6246 6248 6250
3950 -1 3 2 1 3940 3942 3946 3941 3945 3944
110 109 0 1 1 108 109
133 132 0 1 1 131 132
3212 -1 4 1 2 3199 3200 3206 3207 3201 3203 3205
11863 11853 3 2 2 11854 11855 11857 11856 11858 11853 11862
8776 -1 2 2 4 8764 8765 8768 8769 8767 8768 8769 8772
1242 -1 0 1 1 1240 1239
8819 -1 2 3 4 8809 8816 8812 8813 8814 8811 8812 8813 8814
6508 6498 1 2 3 6501 6502 6503 6498 6507 6500
95 94 0 1 1 93 94
9142 9128 2 2 6 9129 9130 9133 9134 9128 9141 9132 9133 9134 9137
6363 6355 3 1 2 6356 6357 6359 6358 6355 6362
12272 12258 4 2 2 12259 12260 12263 12267 12261 12262 12258 12271
203 202 2 1 1 199 201 200 202
1145 1136 0 1 4 1141 1136 1144 1138 1140
9869 9857 1 4 3 9858 9861 9862 9863 9864 9857 9868 9860
6592 -1 2 2 1 6580 6581 6582 6583 6588
11941 11930 0 2 4 11935 11936 11930 11940 11932 11934
11803 -1 2 2 1 11791 11792 11793 11794 11799
6784 6770 2 2 3 6773 6775 6776 6777 6770 6783 6780
5824 5813 3 2 3 5814 5815 5820 5816 5817 5813 5823 5819
4518 4503 1 2 5 4512 4508 4511 4503 4517 4505 4507 4510
6022 6010 2 2 4 6013 6018 6014 6015 6010 6021 6012 6017
862 856 1 3 5 861 857 858 859 856 860 857 858 859
7850 7838 2 1 4 7839 7845 7844 7838 7849 7841 7843
10067 -1 1 2 1 10059 10062 10063 10061
8891 -1 2 3 5 8882 8884 8878 8879 8880 8878 8879 8880 8886 8888
8067 -1 1 1 1 8061 8064 8063
9156 9143 3 2 5 9144 9145 9151 9148 9149 9143 9155 9147 9148 9149
3866 -1 2 1 2 3861 3862 3858 3857 3860
2215 -1 1 2 2 2211 2207 2210 2206 2209
4024 4009 3 2 4 4010 4011 4018 4012 4017 4009 4023 4014 4016
10416 -1 1 5 1 10413 10407 10408 10409 10410 10412 10406
222 221 0 2 4 218 219 222 218 219 221
7709 7698 3 1 3 7699 7700 7704 7703 7698 7708 7702
5304 -1 2 2 1 5296 5301 5299 5300 5298
6631 -1 1 2 1 6628 6623 6624 6622
5494 5485 3 2 3 5486 5487 5490 5488 5489 5494 5485 5493
2204 -1 2 2 2 2193 2195 2192 2196 2198 2200
3500 3486 3 1 4 3487 3488 3492 3489 3486 3499 3491 3494
9848 -1 0 3 1 9843 9844 9845 9842
9338 9323 1 2 7 9326 9329 9330 9323 9337 9325 9328 9329 9330 9333
694 691 1 1 1 693 692 691
2951 2940 2 1 4 2943 2947 2944 2940 2950 2942 2946
12297 12284 2 2 4 12290 12292 12289 12291 12284 12296 12286 12288
2683 -1 3 1 0 2675 2677 2680 2676
7165 -1 3 2 2 7151 7152 7161 7154 7156 7158 7160
2823 2814 2 1 3 2815 2819 2818 2814 2822 2817
5937 -1 3 2 0 5925 5930 5934 5926 5927
6159 -1 3 2 0 6153 6155 6157 6154 6156
10052 10042 1 2 3 10043 10046 10047 10042 10051 10045
7550 -1 2 1 3 7541 7546 7540 7548 7543 7545
8845 -1 1 3 5 8842 8838 8839 8840 8835 8837 8838 8839 8840
5675 -1 2 2 0 5670 5673 5671 5672
7369 -1 1 1 1 7363 7366 7365
812 808 1 2 2 811 807 810 809 808
11489 -1 2 4 2 11474 11476 11477 11478 11479 11481 11483 11486
7621 7609 0 1 5 7616 7609 7620 7611 7613 7615
24 -1 1 1 0 23 22
4219 -1 3 2 2 4203 4210 4215 4206 4209 4205 4208
8861 8846 2 3 7 8847 8856 8852 8853 8854 8846 8860 8849 8851 8852 8853 8854
136 135 0 1 1 134 135
2927 2919 3 1 2 2920 2921 2923 2922 2919 2926
2566 -1 2 2 3 2551 2552 2553 2556 2555 2557 2562
7519 7509 2 1 3 7510 7511 7514 7509 7518 7513
5043 5029 2 1 4 5037 5039 5034 5029 5042 5031 5033
960 958 0 1 2 957 956 958
429 428 1 3 3 426 422 423 424 422 424 428
1784 1767 3 1 4 1768 1774 1779 1771 1767 1783 1770 1773
4068 -1 3 2 2 4056 4058 4060 4055 4059 4062 4064
8477 -1 2 2 4 8465 8466 8469 8470 8468 8469 8470 8473
12702 -1 1 2 1 12696 12694 12697 12699
8091 -1 2 1 1 8084 8088 8087 8086
1159 -1 0 1 1 1157 1156
3423 -1 4 1 2 3407 3413 3414 3419 3410 3409 3412
1164 -1 0 1 1 1162 1161
896 895 0 1 1 894 895
4697 -1 1 2 2 4693 4689 4692 4688 4691
985 984 1 2 1 982 981 983 984
12593 12581 3 2 3 12583 12585 12587 12582 12586 12581 12592 12589
483 482 1 3 4 480 476 477 478 476 477 478 482
328 324 1 1 1 326 325 324
10443 -1 1 5 0 10440 10434 10435 10436 10438 10439
10086 10075 0 2 4 10080 10081 10075 10085 10077 10079
9687 -1 1 1 2 9683 9684 9680 9682
12647 12637 1 2 3 12638 12641 12642 12637 12646 12640
2871 2858 3 1 3 2859 2860 2866 2861 2858 2870 2863
5996 5984 2 2 4 5990 5992 5989 5991 5984 5995 5986 5988
10363 -1 0 3 1 10358 10359 10360 10357
12028 -1 2 2 1 12021 12023 12019 12022 12025
8571 8557 2 2 6 8560 8566 8563 8564 8557 8570 8559 8562 8563 8564
116 115 0 1 1 114 115
9059 9045 2 2 6 9046 9047 9050 9051 9045 9058 9049 9050 9051 9054
11628 -1 1 4 1 11625 11620 11621 11622 11624 11619
7557 -1 1 1 1 7551 7554 7553
9888 -1 1 4 1 9878 9881 9882 9883 9884 9880
11259 11246 2 3 3 11249 11254 11250 11251 11253 11246 11258 11248
5756 -1 3 2 1 5747 5752 5753 5750 5751 5749
439 438 1 4 4 436 430 431 432 434 430 431 434 438
9172 9157 1 2 7 9160 9163 9164 9157 9171 9159 9162 9163 9164 9167
1560 -1 1 1 1 1557 1554 1553
489 484 2 1 1 485 487 486 484
141 140 1 1 1 137 138 140
1479 1470 0 1 4 1475 1470 1478 1472 1474
1188 1180 1 1 3 1181 1184 1180 1187 1183
6236 6235 3 1 4 6226 6228 6234 6227 6233 6232 6230 6235
11356 11342 2 4 3 11343 11351 11346 11347 11348 11350 11342 11355 11345
578 577 3 2 3 570 574 576 571 572 571 572 577
4770 -1 3 1 1 4762 4763 4767 4764 4766
12719 -1 2 2 1 12710 12715 12713 12714 12712
7924 7911 1 1 5 7919 7918 7911 7923 7913 7915 7917
1119 -1 0 1 1 1117 1116
12069 -1 3 2 0 12059 12062 12066 12060 12061
9743 -1 0 3 0 9738 9739 9741
1975 1961 3 1 4 1964 1968 1969 1965 1961 1974 1963 1967
1196 1189 2 1 2 1190 1191 1192 1189 1195
3372 -1 3 1 2 3360 3361 3365 3362 3364 3367
151 147 1 1 1 148 149 147
2469 2451 1 2 5 2454 2455 2458 2451 2468 2453 2457 2464
11460 -1 2 4 1 11447 11454 11449 11450 11452 11453 11457
2403 2391 2 2 3 2392 2393 2394 2397 2391 2402 2396
3913 -1 3 1 2 3905 3908 3909 3904 3903 3907
8797 -1 1 2 4 8794 8791 8792 8788 8790 8791 8792
12002 -1 2 2 0 11996 11998 11997 11999
5277 -1 1 2 0 5273 5274 5275
2418 2404 2 2 4 2406 2408 2405 2409 2404 2417 2411 2413
11607 -1 2 4 1 11593 11604 11594 11595 11596 11598 11600
10999 -1 1 4 1 10996 10991 10992 10993 10995 10990
212 211 0 2 5 208 209 212 210 208 209 211
616 610 1 2 3 614 611 612 610 611 612
6409 -1 2 1 1 6402 6406 6405 6404
9197 -1 2 2 3 9188 9194 9191 9192 9190 9191 9192
11929 11914 1 2 4 11924 11919 11920 11914 11928 11916 11918
2674 -1 3 1 0 2669 2671 2672 2670
9529 9520 2 1 3 9521 9525 9524 9520 9528 9523
2989 2979 1 1 4 2985 2984 2979 2988 2981 2983
7951 7939 2 1 4 7942 7946 7945 7939 7950 7941 7944
10896 10877 2 4 4 10878 10891 10881 10882 10883 10885 10877 10895 10880 10887
5134 -1 2 1 1 5130 5132 5127 5126
1551 -1 1 1 1 1549 1548 1547
176 172 0 2 3 173 174 172 173 174
1860 1848 3 1 3 1849 1850 1854 1851 1848 1859 1853
12358 12342 2 2 4 12345 12348 12346 12347 12342 12357 12344 12353
301 297 1 1 1 299 298 297
12436 -1 3 2 1 12427 12429 12431 12426 12430 12433
6941 -1 2 2 0 6935 6937 6936 6938
6305 -1 2 1 0 6301 6303 6302
5196 5190 1 1 2 5193 5189 5188 5190
2390 2374 3 2 3 2375 2376 2385 2377 2380 2374 2389 2379
10761 -1 1 4 1 10758 10753 10754 10755 10757 10752
11887 11878 2 2 2 11879 11880 11881 11882 11878 11886
10404 -1 2 5 1 10391 10400 10394 10395 10396 10397 10399 10393
3652 3636 3 1 5 3642 3645 3646 3641 3636 3651 3638 3640 3644
9104 9090 2 2 6 9093 9099 9096 9097 9090 9103 9092 9095 9096 9097
1545 -1 0 1 1 1543 1542
2080 -1 2 1 2 2072 2077 2069 2068 2071
883 877 1 3 5 882 878 879 880 877 881 878 879 880
4554 4539 1 2 5 4542 4543 4546 4539 4553 4541 4545 4548
11656 -1 1 4 2 11653 11643 11644 11645 11647 11642 11649
893 892 0 1 1 891 892
1565 -1 0 1 1 1563 1562
10616 -1 2 5 1 10601 10613 10602 10603 10604 10605 10607 10609
6521 -1 0 2 1 6517 6518 6516
10815 -1 2 4 1 10800 10806 10801 10802 10804 10805 10811
5140 -1 1 1 1 5138 5137 5136
903 902 0 1 1 900 902
554 548 1 2 3 552 549 550 548 549 550
4923 4910 3 1 3 4911 4915 4918 4914 4910 4922 4913
4574 4555 2 2 5 4558 4563 4559 4562 4555 4573 4557 4561 4569
2791 -1 3 1 1 2780 2781 2787 2782 2784
146 142 1 1 1 143 144 142
2750 -1 2 1 1 2747 2748 2746 2745
6744 6728 3 2 2 6729 6735 6739 6730 6732 6728 6743
8231 8217 2 2 6 8218 8219 8222 8223 8217 8230 8221 8222 8223 8226
1001 999 0 1 1 1000 999
2703 2693 3 1 3 2694 2698 2699 2697 2693 2702 2696
8167 8155 2 1 4 8158 8162 8161 8155 8166 8157 8160
12117 12105 3 2 3 12106 12107 12112 12108 12111 12105 12116 12110
3794 3779 4 1 4 3782 3784 3787 3788 3783 3779 3793 3781 3786
4367 4350 4 2 3 4351 4352 4357 4362 4353 4356 4350 4366 4355
4038 -1 3 2 2 4025 4026 4028 4027 4031 4030 4033
1493 1480 1 1 4 1483 1484 1480 1492 1482 1488
5732 -1 3 2 0 5726 5729 5730 5727 5728
1065 -1 0 1 1 1062 1064
2046 -1 3 1 1 2034 2038 2043 2035 2037
3778 3759 3 1 5 3762 3766 3767 3763 3759 3777 3761 3765 3773
5970 5960 4 2 2 5961 5962 5964 5965 5963 5966 5960 5969
12621 12610 2 2 3 12612 12614 12611 12615 12610 12620 12617
5336 -1 2 2 1 5328 5329 5330 5331 5333
5812 5801 3 2 3 5802 5806 5807 5805 5808 5801 5811 5804
11428 -1 2 4 0 11421 11425 11416 11417 11419 11420
3571 3554 5 1 3 3555 3556 3560 3561 3566 3557 3554 3570 3559
4080 -1 2 2 2 4072 4076 4071 4075 4070 4074
8540 8527 3 2 5 8528 8529 8535 8532 8533 8527 8539 8531 8532 8533
8328 -1 2 2 3 8319 8325 8322 8323 8321 8322 8323
107 105 0 1 1 106 105
98 97 0 1 1 96 97
315 314 0 1 1 312 314
9584 9582 0 1 2 9581 9580 9582
3828 3814 3 1 4 3817 3821 3822 3818 3814 3827 3816 3820
11158 -1 1 3 1 11149 11150 11151 11153 11155
6448 -1 1 2 1 6440 6443 6444 6442
11640 -1 0 4 2 11631 11632 11633 11635 11630 11637
2163 2149 2 2 4 2150 2157 2153 2156 2149 2162 2152 2155
11984 11970 2 2 3 11973 11979 11974 11975 11970 11983 11972
6215 6209 2 1 2 6210 6211 6212 6209 6214
9929 -1 1 4 0 9926 9919 9920 9921 9923
1281 -1 2 1 1 1274 1275 1276 1278
7393 -1 2 1 1 7386 7390 7389 7388
12147 12132 3 2 3 12133 12138 12142 12136 12137 12132 12146 12135
698 695 1 1 1 697 696 695
9706 -1 1 3 0 9700 9701 9702 9703
5582 5568 1 2 5 5577 5573 5574 5582 5568 5581 5570 5572
1005 1003 0 2 1 1002 1004 1003
7531 7520 1 1 4 7523 7526 7520 7530 7522 7525
1013 1011 0 2 1 1010 1012 1011
11831 -1 2 2 1 11821 11823 11824 11825 11828
10474 -1 2 5 1 10458 10465 10459 10460 10461 10463 10464 10470
3094 -1 2 1 1 3088 3091 3087 3086
6514 -1 1 2 0 6509 6510 6511
12199 -1 3 2 1 12186 12187 12190 12188 12189 12195
648 641 1 3 4 646 642 643 644 641 642 643 644
1830 1817 4 1 3 1818 1819 1823 1824 1820 1817 1829 1822
7809 -1 1 1 1 7807 7803 7806
1247 -1 2 1 0 1243 1245 1244
2263 -1 2 2 3 2250 2252 2253 2256 2255 2257 2260
6648 -1 2 2 0 6639 6645 6640 6641
5848 5837 3 2 3 5838 5839 5842 5840 5841 5837 5847 5844
18 -1 1 1 1 16 17 18
6579 6565 2 2 3 6566 6574 6569 6570 6565 6578 6568
1045 1042 1 1 1 1044 1043 1042
8763 8749 2 2 6 8752 8758 8755 8756 8749 8762 8751 8754 8755 8756
10231 -1 0 3 1 10226 10227 10228 10225
10390 -1 2 5 0 10380 10387 10381 10382 10383 10384 10386
6174 -1 2 1 1 6167 6168 6169 6171
8012 -1 0 1 2 8009 8006 8008
9031 -1 2 2 3 9022 9028 9025 9026 9024 9025 9026
9470 9462 1 1 3 9465 9466 9462 9469 9464
11471 -1 1 4 1 11461 11462 11463 11464 11466 11468
3258 3243 4 1 4 3244 3245 3247 3250 3246 3243 3257 3249 3252
11592 11579 3 4 2 11580 11581 11587 11582 11583 11584 11586 11579 11591
8833 -1 2 3 5 8820 8829 8825 8826 8827 8822 8824 8825 8826 8827
1029 1027 0 2 1 1026 1028 1027
4883 4881 1 1 1 4879 4880 4881
12802 -1 2 2 1 12793 12794 12795 12796 12798
11133 -1 2 3 1 11119 11124 11120 11122 11123 11129
1736 -1 3 1 3 1721 1727 1732 1724 1723 1726 1728
9616 9604 2 1 4 9605 9610 9611 9604 9615 9607 9609
10301 10287 1 3 3 10288 10289 10290 10292 10287 10300 10296
8488 -1 1 2 4 8485 8482 8483 8479 8481 8482 8483
12058 -1 3 2 0 12051 12053 12055 12052 12054
7024 -1 0 2 1 7020 7021 7019
748 745 1 2 1 747 744 746 745
9973 9958 1 4 3 9959 9960 9961 9962 9964 9958 9972 9968
5653 -1 1 2 1 5650 5649 5651 5648
12792 -1 2 2 1 12784 12786 12783 12787 12789
5283 -1 0 2 1 5280 5281 5279
12163 -1 2 2 0 12157 12160 12158 12159
7994 -1 1 1 2 7987 7985 7989 7991
5320 -1 1 2 1 5317 5316 5318 5315
217 213 0 2 3 214 215 213 214 215
7314 -1 0 1 2 7311 7308 7310
988 987 0 1 1 986 987
4245 -1 2 2 2 4234 4236 4233 4237 4239 4241
4971 4959 4 1 2 4960 4961 4965 4967 4962 4959 4970
10700 -1 1 5 2 10697 10686 10687 10688 10689 10691 10685 10693
4790 -1 3 1 1 4782 4783 4785 4784 4787
10876 10861 1 4 4 10862 10865 10866 10867 10869 10861 10875 10864 10871
9552 9544 3 1 2 9545 9546 9548 9547 9544 9551
227 223 0 2 3 224 225 223 224 225
5552 5541 1 2 5 5547 5546 5548 5552 5541 5551 5543 5545
1215 1207 1 1 3 1210 1211 1207 1214 1209
9280 -1 2 2 3 9271 9277 9274 9275 9273 9274 9275
4138 -1 3 2 2 4124 4126 4131 4127 4130 4129 4135
7 -1 1 1 0 6 5
2550 2537 1 2 4 2540 2541 2544 2537 2549 2539 2543
10100 -1 1 2 0 10097 10092 10094
10355 -1 0 3 1 10350 10351 10352 10349
4811 -1 3 1 1 4800 4806 4808 4803 4802
10058 -1 1 2 0 10053 10054 10055
6976 -1 1 2 1 6972 6971 6973 6970
5445 5432 2 2 4 5433 5434 5435 5436 5445 5432 5444 5440
4155 -1 3 2 2 4139 4140 4151 4141 4144 4143 4146
89 -1 1 1 0 87 88
512 507 2 1 1 508 510 509 507
4818 -1 2 1 1 4815 4816 4814 4813
1376 -1 2 1 1 1368 1370 1371 1373
2148 -1 2 2 2 2136 2143 2139 2142 2138 2141
7047 -1 2 2 2 7042 7043 7035 7036 7039 7041
3342 -1 4 1 2 3328 3330 3334 3335 3331 3333 3339
5005 4994 2 1 4 5000 5001 4999 4994 5004 4996 4998
659 658 0 1 1 657 658
5959 5949 4 2 2 5950 5951 5953 5955 5952 5954 5949 5958
2007 1994 2 1 4 1997 2001 1998 1994 2006 1996 2000
8464 8450 2 2 6 8453 8459 8456 8457 8450 8463 8452 8455 8456 8457
5800 5789 3 2 3 5790 5794 5796 5793 5795 5789 5799 5792
8498 -1 2 2 3 8489 8495 8492 8493 8491 8492 8493
12709 -1 2 2 0 12703 12706 12704 12705
12245 12230 3 2 3 12233 12235 12238 12236 12237 12230 12244 12241
3359 -1 4 1 2 3343 3344 3348 3355 3345 3347 3350
6061 6049 2 2 4 6052 6054 6053 6055 6049 6060 6051 6057
252 251 0 2 3 248 249 248 249 251
8939 8923 1 3 8 8934 8930 8931 8932 8923 8938 8925 8927 8929 8930 8931 8932
11295 -1 2 3 0 11287 11292 11288 11289 11291
8035 8025 2 1 3 8026 8027 8030 8025 8034 8029
921 920 0 1 1 919 920
5870 -1 3 2 1 5861 5862 5867 5863 5864 5866
11415 -1 1 4 0 11412 11407 11408 11410 11411
3585 3572 4 1 3 3573 3574 3578 3579 3575 3572 3584 3577
9810 9795 0 3 4 9798 9799 9801 9795 9809 9797 9805
12104 -1 3 2 1 12094 12095 12100 12096 12099 12098
1945 1927 2 1 5 1935 1940 1932 1927 1944 1929 1931 1934
6225 6216 2 1 4 6217 6219 6218 6216 6224 6223 6221
10600 10579 1 5 5 10595 10584 10585 10586 10587 10589 10579 10599 10581 10583 10591
12450 -1 3 2 1 12438 12440 12446 12437 12441 12443
966 965 0 1 1 964 965
1592 -1 3 1 1 1583 1587 1588 1584 1586
6322 -1 2 1 0 6318 6320 6319
2033 -1 3 1 1 2024 2028 2029 2025 2027
4315 4297 3 2 4 4298 4299 4304 4300 4303 4297 4314 4302 4310
3055 3042 3 1 3 3045 3047 3050 3046 3042 3054 3044
10153 10139 0 2 4 10142 10144 10139 10152 10141 10148
506 505 3 1 1 500 502 504 501 505
7426 7414 2 1 4 7415 7421 7420 7414 7425 7417 7419
1531 -1 1 1 1 1529 1528 1527
4465 4449 2 2 5 4452 4459 4453 4458 4449 4464 4451 4455 4457
9699 9688 1 3 3 9689 9692 9693 9694 9688 9698 9691
7828 -1 2 1 2 7818 7824 7823 7820 7822
8906 8892 3 3 6 8893 8894 8901 8897 8898 8899 8892 8905 8896 8897 8898 8899
9114 -1 2 2 3 9105 9111 9108 9109 9107 9108 9109
7337 7327 2 1 3 7328 7329 7332 7327 7336 7331
11118 -1 2 3 0 11111 11115 11107 11109 11110
11877 11864 3 2 2 11865 11866 11872 11867 11868 11864 11876
5231 -1 0 2 1 5228 5229 5227
2115 -1 2 1 2 2107 2112 2104 2103 2106
7648 -1 0 1 2 7645 7642 7644
8083 -1 0 1 2 8080 8077 8079
1224 -1 1 1 0 1221 1222
1469 1456 1 1 4 1464 1461 1456 1468 1458 1460
1273 1264 2 1 3 1265 1269 1268 1264 1272 1267
2644 -1 1 2 2 2640 2636 2639 2635 2638
4799 4797 2 1 1 4791 4795 4792 4797
7664 -1 2 1 1 7657 7661 7660 7659
8701 8688 3 2 5 8689 8690 8696 8693 8694 8688 8700 8692 8693 8694
3519 3501 4 1 4 3502 3503 3507 3508 3504 3501 3518 3506 3514
6551 -1 2 2 0 6544 6548 6539 6541
11900 11888 1 2 4 11894 11893 11895 11888 11899 11890 11892
9426 9410 1 3 8 9413 9416 9417 9418 9410 9425 9412 9415 9416 9417 9418 9421
8556 8541 1 2 7 8551 8548 8549 8541 8555 8543 8545 8547 8548 8549
7959 -1 2 1 1 7952 7956 7955 7954
1073 1069 1 1 2 1071 1070 1069 1070
3964 -1 3 2 1 3951 3956 3961 3952 3955 3954
9044 -1 2 2 4 9032 9040 9037 9038 9034 9036 9037 9038
10727 10713 2 4 3 10714 10722 10717 10718 10719 10721 10713 10726 10716
2191 2177 2 2 4 2178 2179 2180 2183 2177 2190 2182 2185
272 271 0 2 4 268 269 270 268 269 271
9073 9060 3 2 5 9061 9062 9068 9065 9066 9060 9072 9064 9065 9066
12041 -1 2 2 1 12031 12037 12029 12032 12034
2799 -1 2 1 1 2792 2793 2794 2796
72 -1 0 3 2 69 70 71 69 71
2341 2328 1 2 4 2329 2332 2335 2328 2340 2331 2334
4431 4417 2 2 4 4419 4421 4418 4422 4417 4430 4424 4426
3137 -1 2 1 1 3131 3134 3130 3129
7076 -1 2 2 2 7064 7072 7065 7067 7069 7071
8318 -1 2 2 4 8306 8307 8310 8311 8309 8310 8311 8314
728 725 1 2 1 727 724 726 725
9270 9256 2 2 6 9259 9265 9262 9263 9256 9269 9258 9261 9262 9263
5924 -1 2 2 1 5920 5921 5919 5922 5918
6957 -1 1 2 0 6952 6953 6954
0 -1 0 1 0 0
2692 -1 3 1 1 2684 2688 2689 2687 2686
7769 -1 1 1 1 7763 7766 7765
19 -1 0 1 0 19
5646 -1 1 2 1 5644 5642 5643 5641
2755 -1 2 1 0 2751 2753 2752
3168 -1 4 1 1 3155 3159 3160 3165 3156 3158
7198 7182 3 2 4 7190 7191 7193 7185 7187 7182 7197 7184 7189
8922 8907 2 3 7 8912 8914 8908 8909 8910 8907 8921 8908 8909 8910 8916 8918
5327 -1 1 2 1 5325 5323 5324 5322
1891 1876 2 1 5 1884 1885 1881 1876 1890 1878 1880 1883
6727 6714 3 2 2 6715 6716 6722 6717 6718 6714 6726
5236 -1 1 2 0 5232 5233 5234
405 404 1 2 3 402 399 400 399 400 404
1 -1 0 1 0 1
3298 -1 4 1 1 3285 3289 3293 3294 3286 3292
12328 12312 2 2 4 12319 12323 12317 12318 12312 12327 12314 12316
4 -1 0 1 0 4
1798 1785 2 1 4 1786 1792 1789 1785 1797 1788 1791
3182 -1 4 1 2 3169 3173 3176 3177 3172 3171 3175
12283 12273 3 2 2 12274 12275 12278 12276 12277 12273 12282
682 -1 1 1 0 681 680
5528 5517 1 2 5 5524 5522 5523 5528 5517 5527 5519 5521
11779 -1 1 2 1 11771 11774 11775 11773
2835 -1 3 1 1 2824 2828 2831 2827 2826
824 820 1 2 2 823 819 822 821 820
12407 -1 3 2 0 12400 12402 12404 12401 12403
11175 -1 2 3 2 11161 11163 11164 11165 11167 11169 11172
10963 10950 3 4 2 10951 10952 10958 10953 10954 10955 10957 10950 10962
671 670 1 1 1 667 668 670
10491 -1 2 5 1 10477 10485 10479 10480 10481 10483 10484 10488
2895 2882 3 1 3 2885 2887 2889 2888 2882 2894 2891
6414 -1 2 1 0 6410 6412 6411
998 996 0 1 1 997 996
3877 -1 4 1 1 3867 3869 3872 3873 3868 3871
10164 10154 1 2 3 10157 10158 10159 10154 10163 10156
6203 -1 2 1 0 6199 6201 6200
282 278 1 1 1 279 280 278
855 849 1 3 5 854 850 851 852 849 853 850 851 852
10578 10561 0 5 5 10566 10567 10568 10569 10571 10561 10577 10563 10565 10573
11706 11695 2 2 3 11696 11700 11699 11701 11695 11705 11698
11667 -1 1 4 1 11664 11659 11660 11661 11663 11658
11011 -1 0 4 2 11002 11003 11004 11006 11001 11008
4502 4483 2 2 5 4492 4497 4488 4491 4483 4501 4485 4487 4490
3994 3979 3 2 4 3980 3984 3988 3983 3987 3979 3993 3982 3986
836 832 1 2 2 835 831 834 833 832
247 246 0 2 3 243 244 243 244 246
6243 6242 2 1 2 6237 6241 6238 6240 6242
8417 8404 3 2 5 8405 8406 8412 8409 8410 8404 8416 8408 8409 8410
11563 11543 1 4 5 11558 11548 11549 11550 11552 11543 11562 11545 11547 11554
5836 5825 3 2 3 5826 5827 5831 5828 5832 5825 5835 5830
11406 11391 1 4 4 11401 11396 11397 11398 11400 11391 11405 11393 11395
1695 -1 3 1 1 1683 1687 1692 1684 1686
6035 6023 2 2 4 6026 6030 6027 6031 6023 6034 6025 6029
5245 5237 2 2 2 5238 5239 5240 5241 5237 5244
7508 -1 1 1 2 7499 7504 7501 7503
3308 -1 3 1 1 3299 3303 3304 3300 3302
9481 -1 2 1 1 9471 9477 9474 9473
363 357 1 2 3 361 358 359 357 358 359
6475 -1 1 2 0 6467 6468 6471
459 450 1 4 4 457 451 452 453 455 450 451 452 455
3901 -1 3 1 1 3892 3896 3897 3893 3895
3706 3687 3 1 5 3695 3696 3701 3692 3687 3705 3689 3691 3694
12636 -1 1 2 1 12628 12631 12632 12630
12387 12372 3 2 3 12375 12378 12382 12376 12377 12372 12386 12374
9779 -1 1 3 1 9769 9771 9772 9774 9776
7452 7439 1 1 5 7447 7446 7439 7451 7441 7443 7445
5507 5495 3 2 3 5496 5497 5502 5498 5499 5507 5495 5506
9737 9725 0 3 4 9730 9731 9732 9725 9736 9727 9729
13 -1 1 1 0 12 11
4397 4382 3 2 4 4384 4386 4388 4383 4387 4382 4396 4390 4392
5474 -1 1 2 0 5470 5471 5472
7779 -1 1 1 2 7770 7775 7772 7774
3100 -1 1 1 1 3098 3097 3096
8290 8275 1 2 7 8278 8281 8282 8275 8289 8277 8280 8281 8282 8285
11694 -1 2 2 1 11685 11689 11688 11690 11687
3840 -1 3 1 2 3832 3835 3836 3831 3830 3834
2066 -1 2 1 2 2061 2062 2058 2057 2060
2939 2928 2 1 4 2934 2935 2933 2928 2938 2930 2932
6300 6293 3 1 2 6294 6295 6299 6296 6293 6298
980 976 1 2 1 978 977 979 976
2536 2519 2 2 4 2522 2531 2523 2526 2519 2535 2521 2525
12509 12496 2 2 4 12499 12501 12500 12502 12496 12508 12498 12504
11038 -1 1 4 1 11035 11030 11031 11032 11034 11029
1444 1434 1 1 4 1440 1439 1434 1443 1436 1438
2176 -1 2 2 2 2164 2165 2166 2169 2168 2171
6129 -1 2 2 1 6126 6127 6124 6125 6123
6260 6252 3 1 2 6253 6254 6256 6255 6252 6259
10124 -1 1 2 1 10115 10117 10119 10121
11578 11564 2 4 3 11567 11573 11568 11569 11570 11572 11564 11577 11566
9449 -1 1 1 1 9443 9446 9445
5423 -1 2 2 1 5412 5419 5415 5416 5414
7385 -1 0 1 2 7382 7379 7381
770 765 1 2 2 768 766 767 765 769
4202 4188 2 2 4 4189 4196 4192 4195 4188 4201 4191 4194
6340 6331 2 1 3 6332 6336 6335 6331 6339 6334
8620 -1 2 2 3 8611 8617 8614 8615 8613 8614 8615
12568 12553 3 2 3 12554 12555 12563 12556 12557 12553 12567 12559
11764 -1 1 2 1 11760 11759 11761 11758
9943 -1 1 4 1 9930 9931 9932 9933 9935 9939
7465 7453 2 1 4 7456 7460 7459 7453 7464 7455 7458
8786 -1 2 2 3 8777 8783 8780 8781 8779 8780 8781
9822 9811 1 3 3 9814 9815 9816 9817 9811 9821 9813
2225 -1 2 2 1 2216 2221 2217 2220 2219
6620 -1 2 2 1 6610 6612 6613 6614 6617
475 468 1 3 4 473 469 470 471 468 469 470 471
6395 -1 1 1 1 6393 6392 6391
9519 9517 1 1 1 9515 9516 9517
7117 -1 3 2 1 7111 7112 7114 7106 7108 7110
12131 -1 3 2 1 12118 12123 12127 12121 12122 12120
5017 5006 2 1 4 5009 5013 5010 5006 5016 5008 5012
262 258 0 2 3 259 260 258 259 260
1766 1749 3 1 4 1750 1751 1755 1752 1749 1765 1754 1761
2905 2896 4 1 2 2897 2898 2900 2901 2899 2896 2904
1503 1494 2 1 3 1497 1499 1498 1494 1502 1496
5083 5070 3 1 3 5073 5077 5079 5074 5070 5082 5072
1105 -1 1 1 0 1102 1103
15 -1 0 1 1 14 15
7697 7685 2 1 4 7686 7692 7691 7685 7696 7688 7690
12173 -1 2 2 1 12164 12169 12167 12168 12166
6638 -1 2 2 0 6632 6634 6633 6635
520 519 1 3 4 517 513 514 515 513 514 515 519
11770 -1 1 2 0 11765 11766 11767
3 -1 0 1 0 2
7006 -1 1 2 1 7002 7001 7003 7000
10003 9991 1 4 3 9994 9995 9996 9997 9998 9991 10002 9993
11995 11985 1 2 3 11988 11989 11990 11985 11994 11987
7656 -1 0 1 2 7653 7650 7652
192 191 1 2 4 188 187 189 192 187 189 191
5058 5044 2 1 4 5050 5053 5049 5044 5057 5046 5048
68 -1 1 3 2 67 63 64 65 63 65
6073 6062 3 2 3 6065 6068 6069 6066 6067 6062 6072 6064
5916 -1 2 2 1 5912 5914 5911 5913 5910
6466 -1 0 2 1 6462 6463 6461
7150 -1 3 2 4 7133 7134 7145 7136 7137 7148 7140 7142 7144
9461 9454 2 1 2 9455 9456 9457 9454 9460
1325 -1 1 1 0 1322 1323
9573 9564 2 1 3 9567 9569 9568 9564 9572 9566
181 180 0 2 4 177 178 179 177 178 180
5719 -1 1 2 1 5716 5712 5713 5711
944 943 1 1 1 941 938 943
12686 -1 1 2 0 12681 12682 12683
5776 -1 3 2 1 5767 5771 5772 5770 5773 5769
592 591 1 2 3 589 586 587 586 587 591
7608 7598 2 1 3 7599 7600 7603 7598 7607 7602
2598 -1 1 2 1 2590 2591 2594 2593
8732 8717 1 2 7 8727 8724 8725 8717 8731 8719 8721 8723 8724 8725
547 540 1 3 4 545 541 542 543 540 541 542 543
62 -1 0 3 3 59 60 61 59 60 61
6433 6424 2 1 3 6427 6429 6428 6424 6432 6426
12742 12732 3 2 2 12733 12734 12737 12735 12736 12732 12741
6700 -1 1 2 1 6696 6695 6697 6694
9453 -1 1 1 0 9450 9451
11957 11942 1 2 4 11945 11946 11947 11942 11956 11944 11952
4334 4316 3 2 4 4319 4321 4326 4322 4325 4316 4333 4324 4330
10786 -1 1 4 0 10783 10778 10779 10781 10782
8360 -1 2 2 3 8351 8357 8354 8355 8353 8354 8355
8115 8103 2 1 4 8104 8105 8108 8103 8114 8107 8110
11913 11901 1 2 4 11904 11905 11908 11901 11912 11903 11907
119 118 0 1 2 117 117 118
9353 9339 2 2 6 9342 9348 9345 9346 9339 9352 9341 9344 9345 9346
9990 9974 0 4 4 9977 9978 9979 9981 9974 9989 9976 9985
6670 6659 2 2 3 6660 6664 6663 6665 6659 6669 6662
12852 12849 1 1 1 12845 12848 12849
2055 -1 2 1 1 2047 2051 2048 2050
4939 4938 3 1 1 4932 4934 4937 4933 4938
494 490 1 1 1 492 491 490
1907 1892 2 1 5 1895 1899 1896 1892 1906 1894 1898 1901
391 390 1 2 3 388 385 386 385 386 390
6902 6888 2 2 3 6891 6897 6892 6893 6888 6901 6890
8177 -1 2 2 3 8168 8174 8171 8172 8170 8171 8172
1101 -1 1 1 1 1095 1098 1097
758 755 1 2 1 757 754 756 755
10250 -1 0 3 0 10245 10246 10248
830 826 1 2 2 829 825 828 827 826
3538 3520 4 1 4 3523 3525 3529 3530 3526 3520 3537 3528 3534
4232 -1 2 2 2 4220 4227 4223 4226 4222 4225
10632 10617 2 5 3 10620 10627 10621 10622 10623 10624 10626 10617 10631 10619
12460 -1 2 2 1 12452 12454 12451 12455 12457
5890 -1 3 2 1 5881 5882 5885 5883 5884 5887
7977 -1 1 1 2 7974 7973 7970 7972
8244 -1 2 2 4 8235 8237 8232 8233 8232 8233 8239 8241
6374 6364 1 1 4 6370 6369 6364 6373 6366 6368
12399 12388 2 2 3 12391 12394 12392 12393 12388 12398 12390
12669 12658 0 2 4 12663 12664 12658 12668 12660 12662
267 266 0 2 4 263 264 265 263 264 266
5639 5630 1 2 4 5633 5634 5635 5639 5630 5638 5632
2743 2733 3 1 3 2734 2735 2737 2736 2733 2742 2739
55 -1 0 2 2 53 54 53 54
6292 6282 3 1 4 6283 6285 6291 6284 6282 6290 6289 6287
6317 -1 1 1 1 6315 6314 6313
6800 6785 1 2 4 6795 6790 6791 6785 6799 6787 6789
4349 4335 4 2 3 4336 4337 4339 4343 4338 4342 4335 4348 4341
1391 -1 0 1 0 1389
5540 5529 1 2 5 5532 5533 5534 5540 5529 5539 5531 5536
9 -1 0 1 0 8
4878 -1 3 1 1 4869 4871 4875 4872 4874
2633 -1 0 2 3 2626 2629 2625 2628 2630
3115 -1 3 1 0 3107 3109 3112 3108
674 672 0 1 1 673 672
161 160 0 2 4 157 158 161 157 158 160
794 789 1 2 2 792 790 791 789 793
8154 8141 1 1 5 8144 8147 8141 8153 8143 8146 8149
3686 3670 3 1 5 3673 3675 3678 3674 3670 3685 3672 3677 3680
10 -1 0 1 0 10
398 392 1 2 3 396 393 394 392 393 394
5124 -1 2 1 1 5118 5121 5117 5116
718 715 1 1 1 717 716 715
156 155 0 2 3 152 153 152 153 155
7790 7780 2 1 3 7781 7782 7785 7780 7789 7784
6198 6196 0 1 2 6195 6194 6196
7723 7710 1 1 5 7718 7717 7710 7722 7712 7714 7716
8339 -1 1 2 4 8336 8333 8334 8330 8332 8333 8334
12093 12081 3 2 3 12082 12086 12088 12085 12087 12081 12092 12084
1365 1353 2 1 3 1354 1355 1356 1353 1364 1360
4008 -1 3 2 2 3995 3996 4003 3997 4002 3999 4001
449 440 1 4 4 447 441 442 443 445 440 441 442 445
7539 -1 2 1 1 7532 7536 7533 7535
8433 8418 1 2 7 8428 8425 8426 8418 8432 8420 8422 8424 8425 8426
5107 5098 2 1 3 5101 5103 5102 5098 5106 5100
21 -1 0 1 0 20
4187 4169 3 2 4 4170 4177 4182 4173 4176 4169 4186 4172 4175
2090 -1 1 1 3 2086 2083 2082 2085 2087
7221 -1 2 2 2 7216 7217 7209 7210 7213 7215
8201 -1 1 2 4 8198 8195 8196 8192 8194 8195 8196
5176 5174 1 1 2 5173 5172 5171 5174
11728 11717 2 2 3 11718 11719 11720 11723 11717 11727 11722
10712 -1 1 5 1 10709 10703 10704 10705 10706 10708 10702
6384 6375 2 1 3 6378 6380 6379 6375 6383 6377
9210 -1 2 2 4 9198 9206 9203 9204 9200 9202 9203 9204
9592 -1 2 1 1 9585 9588 9589 9587
2291 -1 1 2 2 2280 2283 2286 2282 2285
6857 6843 2 2 3 6846 6852 6847 6848 6843 6856 6845
8216 8202 2 2 6 8203 8211 8208 8209 8202 8215 8205 8207 8208 8209
10260 -1 1 3 0 10257 10251 10252 10254
11525 11506 2 4 4 11507 11520 11510 11511 11512 11514 11506 11524 11509 11516
7181 7166 4 2 3 7167 7173 7174 7176 7168 7170 7166 7180 7172
10032 -1 0 4 1 10026 10027 10028 10029 10025
342 336 1 2 3 340 337 338 336 337 338
9187 9173 2 2 6 9176 9182 9179 9180 9173 9186 9175 9178 9179 9180
11190 11176 1 3 4 11177 11180 11181 11183 11176 11189 11179 11185
6105 -1 2 2 1 6102 6103 6100 6101 6099
8004 -1 1 1 2 7995 8000 7997 7999
5746 -1 3 2 0 5740 5742 5743 5741 5744
11542 11526 0 4 5 11531 11532 11533 11535 11526 11541 11528 11530 11537
4720 -1 1 2 2 4716 4712 4715 4711 4714
3391 3373 4 1 4 3374 3380 3381 3386 3377 3373 3390 3376 3379
10015 10004 2 4 2 10005 10006 10007 10008 10009 10010 10004 10014
370 369 1 2 3 367 364 365 364 365 369
7736 7724 2 1 4 7727 7731 7730 7724 7735 7726 7729
1816 1799 3 1 4 1802 1804 1808 1805 1799 1815 1807 1812
1748 -1 2 1 2 1737 1743 1740 1739 1742
49 -1 0 2 2 47 48 47 48
4296 4282 2 2 4 4283 4284 4285 4288 4282 4295 4287 4290
3154 -1 4 1 1 3144 3146 3149 3150 3145 3148
3004 2990 2 1 4 2993 2995 2994 2990 3003 2992 2999
12425 -1 2 2 0 12419 12422 12420 12421
11716 -1 2 2 1 11707 11708 11709 11712 11711
467 460 1 3 4 465 461 462 463 460 461 462 463
5567 5553 1 2 3 5556 5557 5558 5553 5566 5562
349 348 1 2 3 346 343 344 343 344 348
7105 7091 2 2 4 7099 7100 7094 7096 7091 7104 7093 7098
5766 -1 3 2 1 5757 5761 5763 5760 5762 5759
9563 9553 1 1 4 9559 9558 9553 9562 9555 9557
9678 -1 1 1 2 9674 9675 9671 9673
6485 6476 2 2 2 6477 6478 6479 6480 6476 6484
8024 8013 1 1 4 8014 8019 8013 8023 8016 8018
7837 -1 1 1 2 7834 7833 7830 7832
7296 -1 1 1 2 7287 7292 7289 7291
954 953 0 1 1 952 953
293 292 3 1 1 287 288 291 289 292
3065 3056 2 1 3 3059 3061 3060 3056 3064 3058
3722 3707 2 1 5 3715 3716 3712 3707 3721 3709 3711 3714
1009 1007 0 2 1 1006 1008 1007
12495 -1 2 2 1 12486 12487 12488 12489 12491
12526 12510 2 2 4 12513 12521 12514 12515 12510 12525 12512 12517
10180 -1 1 2 0 10175 10176 10177
1332 -1 1 1 1 1326 1329 1328
1232 -1 1 1 0 1229 1230
1672 -1 2 1 2 1667 1668 1664 1663 1666
1540 -1 1 1 1 1537 1534 1533
963 962 0 1 1 961 962
30 -1 1 2 2 29 26 27 26 27
3228 3213 4 1 4 3214 3215 3221 3222 3216 3213 3227 3218 3220
5629 5616 2 2 4 5619 5624 5620 5621 5629 5616 5628 5618
9957 -1 1 4 1 9946 9948 9949 9950 9952 9954
3143 -1 1 1 1 3141 3140 3139
2327 2310 2 2 4 2311 2322 2314 2317 2310 2326 2313 2316
8972 8957 2 3 7 8960 8967 8963 8964 8965 8957 8971 8959 8962 8963 8964 8965
10831 -1 2 4 1 10818 10825 10820 10821 10823 10824 10828
1661 -1 3 1 2 1649 1650 1652 1653 1655 1657
11331 -1 1 3 2 11328 11319 11320 11322 11318 11324
4845 -1 3 1 0 4837 4841 4843 4838
11969 11958 2 2 3 11961 11963 11962 11964 11958 11968 11960
8808 -1 1 2 4 8805 8802 8803 8799 8801 8802 8803
11061 -1 2 3 0 11053 11058 11054 11055 11057
10457 -1 2 5 0 10450 10454 10444 10445 10446 10448 10449
7326 7315 1 1 4 7316 7321 7315 7325 7318 7320
6607 6593 2 2 3 6594 6595 6596 6597 6593 6606 6602
7250 -1 2 2 2 7238 7246 7239 7241 7243 7245
1089 1087 0 2 3 1083 1086 1085 1086 1087
11379 -1 2 4 1 11367 11375 11370 11371 11372 11374 11369
4538 4519 2 2 5 4522 4533 4523 4526 4519 4537 4521 4525 4528
8748 8733 1 2 7 8736 8739 8740 8733 8747 8735 8738 8739 8740 8743
8048 8036 0 1 5 8043 8036 8047 8038 8040 8042
7597 7586 1 1 4 7587 7592 7586 7596 7589 7591
257 256 0 2 4 253 254 257 253 254 256
5669 -1 0 2 1 5666 5667 5665
10194 -1 0 2 1 10190 10191 10189
5369 5359 2 2 4 5360 5364 5363 5365 5369 5359 5368 5362
7404 -1 2 1 2 7394 7400 7399 7396 7398
6401 -1 1 1 1 6399 6398 6397
2589 -1 2 2 1 2577 2586 2578 2581 2580
2023 -1 3 1 3 2008 2009 2013 2010 2012 2014 2019
9716 -1 1 3 1 9707 9710 9711 9712 9709
11756 11742 2 2 3 11743 11751 11746 11747 11742 11755 11745
1135 1128 2 1 2 1129 1130 1131 1128 1134
7633 7622 1 1 4 7625 7628 7622 7632 7624 7627
11617 -1 2 4 0 11608 11614 11609 11610 11611 11613
10842 -1 1 4 1 10832 10833 10834 10835 10837 10839
104 102 0 1 1 103 102
3742 3723 3 1 5 3726 3730 3737 3727 3723 3741 3725 3729 3732
631 624 2 2 3 625 629 626 627 624 626 627
1114 1106 1 1 3 1107 1110 1106 1113 1109
3272 -1 4 1 2 3259 3260 3262 3264 3263 3266 3268
1021 1019 0 2 1 1018 1020 1019
384 378 1 2 3 382 379 380 378 379 380
1263 -1 2 1 1 1256 1260 1259 1258
4895 -1 3 1 1 4884 4885 4887 4886 4891
10777 10762 1 4 4 10772 10767 10768 10769 10771 10762 10776 10764 10766
4735 -1 2 2 2 4727 4732 4723 4726 4722 4725
11027 -1 1 4 2 11024 11014 11015 11016 11018 11013 11020
8075 -1 0 1 2 8072 8069 8071
723 720 1 2 1 722 719 721 720
3939 -1 2 1 2 3934 3935 3931 3930 3933
1404 1392 2 1 3 1395 1397 1398 1392 1403 1400
7473 -1 2 1 1 7466 7470 7469 7468
11225 11210 0 3 5 11215 11216 11218 11210 11224 11212 11214 11220
9840 -1 1 3 0 9834 9835 9836 9837
7350 7338 0 1 5 7345 7338 7349 7340 7342 7344
1433 1426 2 1 2 1427 1428 1429 1426 1432
2518 2504 2 2 4 2507 2512 2508 2511 2504 2517 2506 2510
11083 -1 1 3 1 11080 11076 11077 11079 11075
4761 4751 3 1 3 4752 4756 4757 4755 4751 4760 4754
277 276 0 2 4 273 274 275 273 274 276
4168 -1 2 2 2 4156 4157 4158 4161 4160 4163
12341 12329 1 2 4 12336 12334 12335 12329 12340 12331 12333
2668 -1 0 2 2 2661 2664 2660 2663
12657 12648 2 2 2 12649 12650 12651 12652 12648 12656
4686 -1 2 2 2 4678 4683 4674 4677 4673 4676
11052 11039 2 3 3 11040 11047 11043 11044 11046 11039 11051 11042
9543 9541 0 1 2 9540 9539 9541
4671 -1 2 2 2 4663 4667 4662 4666 4661 4665
9603 -1 2 1 2 9593 9598 9599 9595 9597
1570 -1 2 1 0 1566 1568 1567
788 783 1 2 2 786 784 785 783 787
5164 -1 3 1 0 5156 5160 5162 5157
3855 -1 3 1 2 3846 3847 3852 3843 3842 3845
10213 -1 1 3 0 10207 10208 10209 10210
10273 -1 1 3 1 10261 10262 10263 10265 10269
4984 4972 4 1 2 4973 4974 4976 4979 4975 4972 4983
5215 -1 1 2 1 5208 5211 5212 5210
1037 1035 0 2 1 1034 1036 1035
9877 -1 1 4 0 9870 9871 9872 9873 9874
127 126 1 1 1 124 123 126
8127 8116 3 1 3 8117 8118 8122 8121 8116 8126 8120
5739 -1 3 2 0 5733 5735 5737 5734 5736
10023 -1 1 4 0 10016 10017 10018 10019 10020
10949 10935 2 4 3 10938 10944 10939 10940 10941 10943 10935 10948 10937
6152 -1 3 2 0 6146 6149 6150 6147 6148
7762 -1 1 1 2 7759 7758 7755 7757
9794 9780 1 3 3 9781 9782 9783 9785 9780 9793 9789
12485 -1 3 2 1 12472 12473 12481 12474 12475 12477
569 562 2 2 3 563 567 564 565 562 564 565
2125 -1 1 1 2 2121 2118 2117 2120
12080 -1 3 2 1 12070 12074 12076 12073 12075 12072
3928 -1 3 1 2 3919 3920 3925 3916 3915 3918
690 687 1 1 1 689 688 687
975 972 1 1 1 974 973 972
9669 -1 2 1 1 9662 9665 9666 9664
1206 1197 0 1 4 1202 1197 1205 1199 1201
4866 -1 3 1 1 4855 4859 4862 4858 4857
2779 -1 3 1 1 2770 2772 2774 2773 2776
10799 -1 2 4 0 10792 10796 10787 10788 10790 10791
7017 -1 1 2 1 7014 7009 7010 7008
5411 -1 2 2 1 5402 5404 5405 5406 5408
10670 -1 1 5 1 10667 10661 10662 10663 10664 10666 10660
6658 -1 2 2 1 6649 6653 6652 6654 6651
8449 8434 1 2 7 8437 8440 8441 8434 8448 8436 8439 8440 8441 8444
6182 -1 2 1 1 6175 6179 6178 6177
7090 7077 3 2 3 7078 7084 7085 7079 7081 7077 7089 7083
5225 5216 1 2 3 5217 5220 5221 5216 5224 5219
5880 -1 3 2 1 5871 5872 5876 5873 5877 5875
12693 -1 0 2 1 12689 12690 12688
995 992 1 1 1 994 993 992
1017 1015 0 2 1 1014 1016 1015
9293 -1 2 2 4 9281 9289 9286 9287 9283 9285 9286 9287
4448 4432 2 2 5 4438 4442 4437 4441 4432 4447 4434 4436 4440
5378 -1 2 2 0 5370 5375 5371 5372
4416 4398 3 2 4 4400 4402 4411 4399 4403 4398 4415 4405 4407
1926 1908 2 1 5 1911 1915 1912 1908 1925 1910 1914 1921
5202 5200 0 1 2 5199 5198 5200
11272 11260 3 3 2 11261 11262 11267 11263 11264 11266 11260 11271
11245 11226 1 3 5 11240 11231 11232 11234 11226 11244 11228 11230 11236
335 329 1 2 3 333 330 331 329 330 331
2623 -1 1 2 2 2620 2612 2615 2611 2614
1875 1861 3 1 4 1862 1863 1865 1866 1861 1874 1868 1870
7863 7851 2 1 4 7852 7853 7856 7851 7862 7855 7858
12774 -1 2 2 0 12768 12771 12769 12770
1315 1303 2 1 3 1304 1310 1307 1303 1314 1306
306 302 1 1 1 304 303 302
1179 -1 1 1 1 1173 1176 1175
7968 -1 1 1 2 7965 7964 7961 7963
9394 9379 2 3 7 9380 9381 9384 9385 9386 9379 9393 9383 9384 9385 9386 9389
937 936 1 1 1 934 931 936
11684 -1 2 2 0 11675 11681 11676 11677
207 204 1 1 1 205 206 204
3620 3602 4 1 4 3603 3604 3606 3615 3607 3602 3619 3609 3611
2712 -1 3 1 1 2704 2705 2709 2706 2708
6192 6183 2 1 3 6184 6188 6187 6183 6191 6186
9911 9898 0 4 4 9903 9904 9905 9906 9898 9910 9900 9902
7897 7886 3 1 3 7887 7888 7892 7891 7886 7896 7890
5860 5849 3 2 3 5850 5851 5853 5852 5854 5849 5859 5856
5983 5971 2 2 4 5978 5979 5976 5977 5971 5982 5973 5975
11305 -1 1 3 1 11302 11298 11299 11301 11297
6951 -1 2 2 0 6942 6948 6943 6944
4590 4575 3 2 4 4578 4580 4584 4579 4583 4575 4589 4577 4582
8644 -1 1 2 4 8641 8638 8639 8635 8637 8638 8639
8350 -1 1 2 4 8347 8344 8345 8341 8343 8344 8345
11852 11838 2 2 3 11841 11843 11844 11845 11838 11851 11848
1847 1831 4 1 3 1832 1833 1837 1842 1834 1831 1846 1836
2881 2872 2 1 3 2873 2874 2875 2872 2880 2877
10658 -1 2 5 0 10648 10655 10649 10650 10651 10652 10654
4262 -1 3 2 2 4247 4249 4258 4246 4250 4252 4254
5256 5246 0 2 4 5251 5252 5246 5255 5248 5250
3041 3031 3 1 3 3034 3036 3037 3035 3031 3040 3033
1341 1333 1 1 3 1334 1337 1333 1340 1336
8687 -1 2 2 4 8678 8680 8675 8676 8675 8676 8682 8684
7132 -1 3 2 2 7125 7126 7128 7118 7119 7122 7124
3758 3743 2 1 5 3746 3750 3747 3743 3757 3745 3749 3752
1076 1075 0 1 1 1074 1075
5695 -1 1 2 0 5691 5692 5693
5347 5337 2 2 4 5338 5343 5341 5342 5347 5337 5346 5340
4854 4848 2 1 1 4846 4851 4847 4848
8190 -1 2 2 4 8178 8186 8183 8184 8180 8182 8183 8184
9009 -1 1 3 5 9006 9002 9003 9004 8999 9001 9002 9003 9004
10138 10125 1 2 3 10126 10127 10129 10125 10137 10133
4624 4610 2 2 4 4613 4618 4614 4617 4610 4623 4612 4616
1061 1060 0 1 1 1059 1060
6330 -1 2 1 1 6323 6327 6326 6325
7377 -1 0 1 2 7374 7371 7373
3466 -1 4 1 2 3450 3451 3453 3462 3454 3456 3458
80 -1 1 4 3 79 73 74 75 77 73 74 77
6875 6858 2 2 3 6866 6870 6861 6863 6858 6874 6860
10503 -1 1 5 1 10492 10493 10494 10495 10496 10498 10500
6713 -1 2 2 0 6701 6710 6702 6705
10860 -1 2 4 2 10845 10847 10848 10849 10850 10852 10854 10857
1058 1054 1 2 1 1056 1055 1057 1054
6208 6206 1 1 1 6204 6205 6206
6564 -1 2 2 1 6552 6560 6555 6556 6554
6829 6817 1 2 4 6823 6822 6824 6817 6828 6819 6821
6271 6261 1 1 4 6267 6266 6261 6270 6263 6265
1041 1039 0 2 1 1038 1040 1039
4609 4591 3 2 4 4594 4599 4604 4595 4598 4591 4608 4593 4597
286 283 0 1 1 284 283
7491 -1 1 1 2 7488 7487 7484 7486
9127 -1 2 2 4 9115 9123 9120 9121 9117 9119 9120 9121
3242 -1 4 1 2 3229 3230 3232 3235 3231 3234 3237
10539 10523 1 5 4 10524 10527 10528 10529 10530 10532 10523 10538 10526 10534
421 414 1 3 3 419 415 416 417 414 415 417
5169 -1 2 1 0 5165 5167 5166
12185 12174 2 2 3 12175 12180 12178 12179 12174 12184 12177
5702 -1 1 2 1 5699 5698 5700 5697
6389 -1 2 1 0 6385 6387 6386
2373 2360 3 2 3 2361 2362 2367 2363 2366 2360 2372 2365
8526 8512 2 2 6 8513 8521 8518 8519 8512 8525 8515 8517 8518 8519
7675 -1 2 1 2 7665 7671 7670 7667 7669
1516 1504 2 1 3 1507 1511 1508 1504 1515 1506
12156 -1 2 2 1 12151 12153 12150 12152 12149
6934 -1 2 2 0 6925 6931 6926 6927
11741 -1 2 2 1 11729 11737 11732 11733 11731
3813 3795 4 1 4 3798 3802 3803 3808 3799 3795 3812 3797 3801
10433 10417 1 5 4 10428 10422 10423 10424 10425 10427 10417 10432 10419 10421
686 683 1 1 1 685 684 683
9442 9427 2 3 7 9430 9437 9433 9434 9435 9427 9441 9429 9432 9433 9434 9435
3284 -1 3 1 2 3276 3279 3280 3275 3274 3278
2963 2952 2 1 4 2955 2957 2956 2952 2962 2954 2959
8140 8128 2 1 4 8130 8132 8129 8128 8139 8134 8136
